<Classifier>
    <Classifier-data type="Minimum Distance to Mean (MDM)" class-count="2" metric="Riemann">
        <Class class-id="0" nb-trials="118" size="19" stimulation="OVTK_StimulationId_Label_00"> 9584805.66992901  6650148.36965849  7312318.04604807  8408847.92871289  6555814.98918412  7102198.25894753  7630321.43556067  4294465.93635272  6746900.30707151  12588201.2072248  4213371.96629607  7443426.15449046  8437365.75160683  8744573.41534526  4799157.74585222  8714823.17219332  8860895.72486502  10113171.2728417  7493639.24217864
 6650148.36965849  16948403.5940574  12667752.1001845  9364024.07994862  11562146.0740741  11595262.8572064  10867656.5688232  11722892.8950531  10129703.9854755  11066784.7281427  7490283.24603233   10041784.221115  10955314.5630337  3226405.70595207  10425133.3161418  10365107.9890616  9751758.76281843  13216884.8697656  7856440.19830518
 7312318.04604807  12667752.1001845  18309381.0728704  13681018.5867025  11418208.7019022  12253386.9703528  12983300.9501472  12260104.3803254  10528716.9143207  10785190.0194299  8237796.92700261  10231699.4632333  11300793.2065805  3501360.60777138  10369921.4030329  11128436.3648602  9920934.90137168  11943646.9685513   9316058.6095578
  8408847.9287129  9364024.07994863  13681018.5867025  39121433.7489841  9338062.07376886  10544719.5048357  13390588.9192284  11267043.9608154   9149609.5919507   10197851.165773   8185468.6187414  9836018.89809095  8575436.69663262  5104082.61770667  9645378.85623797  10206646.7960129  9217745.11268128 -818611.810735265  21317250.9765771
 6555814.98918412  11562146.0740741  11418208.7019022  9338062.07376884  20075071.6283217   14352266.314101  13061707.5308185  18315928.0619153  13684769.9415356  14577436.8206523  10373260.2540492  12918362.1730268   13075241.507178  38286.0738770435  14963361.8846454  14320759.7233784   12147300.158741  15740366.9831151   9877274.9635805
 7102198.25894753  11595262.8572064  12253386.9703528  10544719.5048357   14352266.314101  17512216.9697345  14393278.9625739  15809660.1927578  12972849.6147573  13359918.8337678  9666547.83435777  12051427.1317991  12632552.4585293  1927976.30087882  13426172.3893581  12816356.1178739  11798555.5361999  14813481.5641134  9495879.53988449
 7630321.43556067  10867656.5688232  12983300.9501472  13390588.9192284  13061707.5308185  14393278.9625739  21376576.8051908  14253783.8125122  13075371.1856224  12358098.4924545  8920898.44653981  11655075.5629715  12400231.4959027  2985896.64734313  12397790.3636414  11577699.7717357  10562249.6455359  13598765.3034445   12747500.247086
 4294465.93635273  11722892.8950531  12260104.3803254  11267043.9608154  18315928.0619153  15809660.1927578  14253783.8125122  30771465.5235059  16484759.0068586  17428747.6441258  14596462.9574015  15548131.1841256  14628346.4560449 -4651027.35938999  19818466.9732495  17442055.8959351  14219837.4355285  16675990.2820689  10931191.1533342
 6746900.30707152  10129703.9854755  10528716.9143207  9149609.59195069  13684769.9415356  12972849.6147573  13075371.1856224  16484759.0068586  16149310.6176749  14831104.0630882  10492587.4663547  12693402.8537391  12504004.6953986  1617364.95127423  14443171.5007091  12925509.7720968  11781286.9065105  14788126.5011633  9347594.54226476
 12588201.2072248  11066784.7281427  10785190.0194299   10197851.165773  14577436.8206523  13359918.8337678  12358098.4924545  17428747.6441257  14831104.0630882  28438151.6741652  12363426.2822202  14693482.7130739  18546867.8925376  7917374.99374051   16147559.155978  13116099.0990266  14360183.1238577  21299552.6785911    8177009.260088
 4213371.96629607  7490283.24603233  8237796.92700261   8185468.6187414  10373260.2540492  9666547.83435777  8920898.44653981  14596462.9574014  10492587.4663547  12363426.2822202  32250088.1300276  13300629.8183927  11786731.8684119  634958.271351773  16981819.2298635  20642073.4484366  13206463.9139732  10373915.7866243  6641117.89129041
 7443426.15449046   10041784.221115  10231699.4632333  9836018.89809094  12918362.1730268  12051427.1317991  11655075.5629715  15548131.1841256  12693402.8537391  14693482.7130739  13300629.8183927  16492449.3144118  11825199.1769043  3500440.84488036  15639142.1555724   17060422.882604  13293946.3073082  14276461.7446408  8922052.86437218
 8437365.75160683  10955314.5630337  11300793.2065805  8575436.69663261   13075241.507178  12632552.4585293  12400231.4959027  14628346.4560449  12504004.6953986  18546867.8925376  11786731.8684119  11825199.1769043  14847591.8806232  4090156.51660841  14057996.0947865  11067130.1959672  11494432.0160196  16482294.9430407  8473064.09953321
 8744573.41534525  3226405.70595207  3501360.60777138  5104082.61770666  38286.0738770458  1927976.30087882  2985896.64734313    -4651027.35939  1617364.95127423   7917374.9937405   634958.27135177  3500440.84488035  4090156.51660841  12146125.4869546  -306381.91408287  6006902.40152034  5840611.58549678  5390984.02401556   7297067.1297635
 4799157.74585222  10425133.3161418  10369921.4030329  9645378.85623796  14963361.8846454  13426172.3893581  12397790.3636414  19818466.9732495  14443171.5007091   16147559.155978  16981819.2298635  15639142.1555724  14057996.0947865 -306381.914082863   26783299.042742  20262295.6278342  14505013.7890444  15152741.7781425  9179324.98863244
 8714823.17219332  10365107.9890616  11128436.3648602  10206646.7960129  14320759.7233784  12816356.1178739  11577699.7717357  17442055.8959351  12925509.7720968  13116099.0990266  20642073.4484366   17060422.882604  11067130.1959672  6006902.40152034  20262295.6278342  36956399.1692418  17486601.3770835  14525432.7075686  8723096.53921908
 8860895.72486502  9751758.76281843  9920934.90137168  9217745.11268126   12147300.158741  11798555.5361999  10562249.6455359  14219837.4355285  11781286.9065105  14360183.1238577  13206463.9139732  13293946.3073082  11494432.0160196  5840611.58549679  14505013.7890444  17486601.3770835  19282450.9987194  14939908.7542415   7812079.6357902
 10113171.2728417  13216884.8697656  11943646.9685513  -818611.81073528  15740366.9831151  14813481.5641134  13598765.3034445  16675990.2820689  14788126.5011633   21299552.678591  10373915.7866243  14276461.7446408  16482294.9430407  5390984.02401557  15152741.7781425  14525432.7075685  14939908.7542415  24443470.4048363  4070968.13325569
 7493639.24217864  7856440.19830518  9316058.60955781  21317250.9765771  9877274.96358051  9495879.53988449   12747500.247086  10931191.1533342  9347594.54226477    8177009.260088  6641117.89129041  8922052.86437218  8473064.09953322   7297067.1297635  9179324.98863245  8723096.53921908  7812079.63579021   4070968.1332557  47890999.0020019</Class>
        <Class class-id="1" nb-trials="177" size="19" stimulation="OVTK_StimulationId_Label_01"> 17151562.8556607  13986774.8017067  14842546.5476565  17912006.2866986  13550211.6917972   14462449.164746  15628670.8915778  8568435.29225589  13877051.8592137  23162276.3471797  10612724.5504924  14812010.0156983  16722836.5065686  15255366.5058668  10775269.2371528  15386996.0926417  15991110.9338951  18495433.8096123  17836485.3896518
 13986774.8017068  27450239.4440554  23372707.1782157  23014775.6829758  23349262.0504129  23230044.4019486  22364391.8305621  22703954.6700797  21314028.8940085  23131511.3403821  16609954.2010588  20570140.0622624  21687043.5422122  7103371.44182746  20541386.7476953  19357615.1291943  19921421.1784967  23837020.2503671  20812508.7307244
 14842546.5476565  23372707.1782157  29299401.9350375  27526722.4053787  23261587.5851317  23610466.5042617  24090667.3992615  23000615.4872657  21184706.5102311  22394180.3292541  16901675.5286269  20715701.9690969  21774795.2924366  7889206.52381319  20357151.7571953  20102248.5443086  21003827.5990767  22454941.0309144  23640016.5663164
 17912006.2866986  23014775.6829758  27526722.4053788  77195065.3438636    23760751.41145  23003201.6153138  26288189.6727296  25285508.6291649  19128797.6810797   23899443.907511  19681300.2802945  21375179.1083068  20151827.0414146  10522938.2403594  21633450.9334279  20869686.1635426  20858439.7932077  2105258.54494462  48142232.9817738
 13550211.6917972  23349262.0504129  23261587.5851317    23760751.41145  34187851.2750705  27717286.5273408  25807352.5088534  32840324.4714919  26073029.3319828   26756596.345253  20675414.7513304  24529575.4673558  24576418.5984371  2385944.46411566  26075282.3387313   24127291.388643  23827675.2168915  27431853.2624531  24359457.9349043
  14462449.164746  23230044.4019486  23610466.5042617  23003201.6153138  27717286.5273408   30629764.367025  26756604.5307185  28781729.7917934  25363374.7361563  25608565.4181404  19928991.5788216  24150220.2676339  24008270.5648442  5248511.91044222  24906438.6611312  23472025.6854657  23863670.2893113   27260228.051009  22230794.4117102
 15628670.8915778  22364391.8305621  24090667.3992615  26288189.6727295  25807352.5088534  26756604.5307184  35841257.6408689   25969109.530032  25142460.2769485  24729191.7379134  17256766.2512523  22765353.2076643  23795743.7889441  7443794.43194272  22322665.1620234   20598617.957576  21299752.6048582  25865372.4542191  28541750.7173179
  8568435.2922559  22703954.6700797  23000615.4872657  25285508.6291649  32840324.4714919  28781729.7917934   25969109.530032  50564979.1448969  28737647.4782427  28295365.6068125  23831814.5966034  26528303.0978993  25188699.5111699 -6480612.94483974  31452638.0283306   26031505.917103  24679332.1393157  26960320.7464976  27252889.1973819
 13877051.8592137  21314028.8940085  21184706.5102311  19128797.6810797  26073029.3319828  25363374.7361563  25142460.2769485  28737647.4782427  28209093.5899993   27119645.480733  19408217.7966517  23776338.6366764  23667502.9126089  4920587.45924069  24441309.4911774  21969316.7466606  22267082.5517979  27578721.3955641  21445638.5144057
 23162276.3471797  23131511.3403821  22394180.3292541   23899443.907511  26756596.3452531  25608565.4181404  24729191.7379134  28295365.6068125   27119645.480733  46285727.1709233  22176737.9404944  26559504.8523126   32058686.548984  15372201.4018079  26071882.4680489  23771168.7276774  25098813.8581364  35601907.1829453  20540532.7249869
 10612724.5504924  16609954.2010588  16901675.5286269  19681300.2802945  20675414.7513304  19928991.5788216  17256766.2512523  23831814.5966034  19408217.7966517  22176737.9404944  39053694.3066695  22504374.8527028   20390797.570715   4265023.3120394  25772970.0520339   28905400.564823   23397714.603896  19448088.7955449  16785520.4339024
 14812010.0156983  20570140.0622624  20715701.9690969  21375179.1083068  24529575.4673558   24150220.267634  22765353.2076643  26528303.0978993  23776338.6366764  26559504.8523126  22504374.8527028  27458864.7975902  22510118.4727838  7529313.77130584  25213171.8294205  25790545.4124843  24175865.0426083  25831076.5864229  21478918.3401126
 16722836.5065686  21687043.5422122  21774795.2924366  20151827.0414145  24576418.5984371  24008270.5648443  23795743.7889441  25188699.5111699  23667502.9126089   32058686.548984   20390797.570715  22510118.4727838  26255253.4274395  9335997.73470256  23551271.6290401   20529973.249974  21767631.4979356  28732797.4293988   21142616.309127
 15255366.5058668  7103371.44182745  7889206.52381318  10522938.2403594  2385944.46411564  5248511.91044221  7443794.43194271 -6480612.94483975  4920587.45924068  15372201.4018079  4265023.31203938  7529313.77130583  9335997.73470255  20243305.8542874  2083684.65898522  9932580.57925632  9823650.03911499  10622432.8190454  17100692.6754609
 10775269.2371529  20541386.7476953  20357151.7571953  21633450.9334279  26075282.3387313  24906438.6611312  22322665.1620234  31452638.0283306  24441309.4911774  26071882.4680489  25772970.0520339  25213171.8294205  23551271.6290401  2083684.65898524  36020229.8200473  28225678.7297082  24984065.9195771    24871779.93487  21213511.7593579
 15386996.0926417  19357615.1291943  20102248.5443086  20869686.1635425   24127291.388643  23472025.6854657   20598617.957576   26031505.917103  21969316.7466606  23771168.7276774   28905400.564823  25790545.4124842  20529973.2499739  9932580.57925633  28225678.7297082  43241715.6793628  27482921.4230169    24297583.55217  19188156.8471929
 15991110.9338951  19921421.1784967  21003827.5990767  20858439.7932077  23827675.2168915  23863670.2893113  21299752.6048582  24679332.1393157  22267082.5517979  25098813.8581364   23397714.603896  24175865.0426083  21767631.4979356  9823650.03911501   24984065.919577  27482921.4230169  31536961.4115529  26065570.8146297  19257138.9246975
 18495433.8096123  23837020.2503671  22454941.0309144  2105258.54494459  27431853.2624531   27260228.051009  25865372.4542191  26960320.7464975  27578721.3955641  35601907.1829453  19448088.7955448  25831076.5864229  28732797.4293988  10622432.8190455    24871779.93487    24297583.55217  26065570.8146297  41437211.0154044  11646182.4514065
 17836485.3896518  20812508.7307244  23640016.5663164  48142232.9817738  24359457.9349043  22230794.4117102  28541750.7173179  27252889.1973819  21445638.5144057  20540532.7249869  16785520.4339024  21478918.3401126   21142616.309127  17100692.6754609  21213511.7593579  19188156.8471929  19257138.9246975  11646182.4514065  113498118.740885</Class>
    </Classifier-data>
</Classifier>
