<Classifier>
    <Classifier-data type="Minimum Distance to Mean (MDM)" class-count="2" metric="Riemann">
        <Class class-id="0" nb-trials="118" size="19" stimulation="OVTK_StimulationId_Label_10"> 13584908.4347132   10705539.022734  12023953.9017345  13684087.9570093  10945853.5675412  11633609.3885518  12075700.5986206  7518703.26041442  11266097.5658439  18155543.7870853  8270559.90187442  12099360.7154429  13043734.1491316  11964382.6097961  8635585.04502578  13320642.0516036  13338032.2902219  14943436.6461129  13616819.8390541
  10705539.022734  22049546.5186675  18419993.0764803  16912590.5174035  17741444.5004199  17615307.4851099  16660593.3855197   16935642.039418  16157715.7022159  17145529.2319854  12796571.2942051  15622745.0292303  16500108.5327127  5800169.22093627  15799967.6540955  15539384.7344478  15255289.3882053  18446613.1530385  16663687.3882786
 12023953.9017345  18419993.0764803  24839262.7134239  21683260.0086985   17848076.573099   18568668.204043  18759517.8989782   17437326.089279  16401536.3338961  17438198.8594142   13721057.912352  16044240.7295283  17273677.6295359  6837016.25038727    15450137.44796  16237715.8062726  16255370.5247789  17744902.2461844  18702161.0805372
 13684087.9570093  16912590.5174035  21683260.0086985  47676955.1458501  18269891.5892796  19133290.4176783   21466854.105959  19256790.3965207  16537196.6280522  18764421.4027802  14757557.1545777  17122069.6660181  16501724.1918954  8117919.61253805  16816211.7677091  16486387.7923869  16399547.5729872  7331011.75161623  33401675.2526027
 10945853.5675412  17741444.5004199   17848076.573099  18269891.5892795  26577248.6116808  20861457.8537013  19175220.8076072  23890307.2140106  19700401.4287055  20788736.7034412   17280754.097584    19117168.58407  18985333.3334837   2933337.2088974  20642384.1396562  20340424.0429862  18552089.2429473  21028456.0488225  19297080.3179378
 11633609.3885518  17615307.4851099   18568668.204043  19133290.4176783  20861457.8537013  24083922.3128955   20238064.889917   21304875.150434  19124898.1954032  19903698.6971508  16077211.1651605  18513107.1075717  18602773.6121392  5030102.57553066    19599015.65637  19071171.4508259  18482685.6630495  20429698.5456842  18456724.7535771
 12075700.5986206  16660593.3855197  18759517.8989782  21466854.1059589  19175220.8076072   20238064.889917  27055418.3761777  19026152.4916102  18801619.1846998  18662676.8723068  13505062.5609336  17684986.8450756  17938189.9961553  6135549.50223354  17629729.6481444  16387366.3525424  16449837.0567921  18956713.7357986  21338837.9199275
 7518703.26041441   16935642.039418   17437326.089279  19256790.3965207  23890307.2140106  21304875.1504339  19026152.4916102  36035188.8184329  21474223.9831948  22072540.1232394  20692744.0776869  20487563.6273511  19333910.3164124 -2768770.70583559  24640995.1096125  22567623.0740018  19278583.4745841  20430370.7981424  20438318.5122736
 11266097.5658439  16157715.7022159  16401536.3338961  16537196.6280522  19700401.4287055  19124898.1954032  18801619.1846998  21474223.9831948  22100285.9065308  21459825.1142881  16316331.6862952  18792824.0510752  18362760.7512616  4856920.73455985  19663465.7256717  18552861.8264699  17477487.4117812  20594637.4553168  17900899.5698853
 18155543.7870853  17145529.2319854  17438198.8594142  18764421.4027802  20788736.7034412  19903698.6971508  18662676.8723068  22072540.1232394  21459825.1142882  36299402.2264522  18532084.5790274  21321034.2608916  25052461.7070194  12338705.6186102   21306587.492374  19673556.7786003  20134347.8736191   27602488.032503  17396876.8544666
 8270559.90187443  12796571.2942051   13721057.912352  14757557.1545777   17280754.097584  16077211.1651605  13505062.5609336  20692744.0776869  16316331.6862952  18532084.5790274  39620249.7971628  19692539.3948199  17364448.7287194  3243810.21766418  23727573.5806512  29088892.8684846  20225839.5071044  16201260.3153547   14473052.296186
 12099360.7154429  15622745.0292303  16044240.7295283  17122069.6660181    19117168.58407  18513107.1075717  17684986.8450756  20487563.6273511  18792824.0510752  21321034.2608916  19692539.3948199  22964480.9639009  17736451.7499171  6893756.20559073  21226284.0898164  23315751.8861836  19578181.4964048  20263907.4640465   17362232.202816
 13043734.1491316  16500108.5327127  17273677.6295359  16501724.1918954  18985333.3334837  18602773.6121392  17938189.9961553  19333910.3164125  18362760.7512616  25052461.7070194  17364448.7287194  17736451.7499171  20559039.6581848  7494392.56229332  19098283.8664191  16777748.1343639   17137591.996694  21877816.5067909  17159617.9839575
 11964382.6097961  5800169.22093627  6837016.25038727  8117919.61253805   2933337.2088974  5030102.57553066  6135549.50223354 -2768770.70583558  4856920.73455985  12338705.6186102  3243810.21766418  6893756.20559073  7494392.56229332  15141755.2048591  2403113.40614749  9734696.61638846  9077189.19637609  9324479.88464323  11655165.6811268
 8635585.04502578  15799967.6540955    15450137.44796  16816211.7677091  20642384.1396562    19599015.65637  17629729.6481444  24640995.1096125  19663465.7256717   21306587.492374  23727573.5806512  21226284.0898164  19098283.8664191  2403113.40614749   31999588.798139  26864368.1591741  20220642.1141319  19875887.3646765  17870898.8354714
 13320642.0516036  15539384.7344478  16237715.8062726  16486387.7923869  20340424.0429862  19071171.4508259  16387366.3525424  22567623.0740018  18552861.8264699  19673556.7786003  29088892.8684845  23315751.8861836  16777748.1343639  9734696.61638845  26864368.1591741   46489254.127723  24666285.1473597  20495592.7641686  16666611.5035771
 13338032.2902219  15255289.3882053  16255370.5247789  16399547.5729871  18552089.2429473  18482685.6630495  16449837.0567921  19278583.4745841  17477487.4117812   20134347.873619  20225839.5071044  19578181.4964048   17137591.996694  9077189.19637609  20220642.1141319  24666285.1473597  26317888.8211577   20751466.702055  16117527.0469943
 14943436.6461129  18446613.1530385  17744902.2461844  7331011.75161621  21028456.0488225  20429698.5456842  18956713.7357986  20430370.7981424  20594637.4553168   27602488.032503  16201260.3153547  20263907.4640465  21877816.5067909  9324479.88464323  19875887.3646765  20495592.7641686   20751466.702055  29533381.6766883   11896244.912204
 13616819.8390541  16663687.3882786  18702161.0805372  33401675.2526027  19297080.3179378  18456724.7535771  21338837.9199275  20438318.5122736  17900899.5698853  17396876.8544666   14473052.296186   17362232.202816  17159617.9839575  11655165.6811268  17870898.8354714  16666611.5035771  16117527.0469943   11896244.912204  69198136.4869467</Class>
        <Class class-id="1" nb-trials="177" size="19" stimulation="OVTK_StimulationId_Label_11"> 13532894.3761712  10213196.7471041  10622105.6040489  12995876.9900872  9538605.20509377  10335030.3073563   11496892.102081  5604196.04108772  9771425.34047671  18110562.6145078  7062487.45717343  10605936.8249262  12529918.1862212  12350224.3888867  7290914.02791507  11389276.5003482  11966142.2671384   14145088.692619  11963036.3025983
 10213196.7471041  22588252.9456343  18079459.4788812  15756780.8870592  17651624.2906623  17688446.9839666  16943934.5542197  17823121.7853108  15829647.1112743   17548982.914997  11886256.8089683  15372899.2210599  16603506.4084544  4681821.33939037  15637318.1640647  14635931.4432235  14839754.3663177  19099602.8160319  12344321.0758923
 10622105.6040489  18079459.4788812  23484217.8566025  19928309.1553429  17421031.2574708  17882105.7046981  18686715.4419991  18202258.3255875  15859439.6729637  16483204.2363312  12029760.1400519  15371008.5983968  16427722.0511084  4907265.61578908   15650856.347987  15406404.9094775  15342360.2299996  17381056.3780046  14588212.4632868
 12995876.9900872  15756780.8870592  19928309.1553429  69029461.1985039  14999201.2214905  14686628.3549383    18198535.17363  17093531.2073036  11896828.5692723  15771488.6925031  13546896.6048456  14347749.0093838  12546144.5072578  7886729.22803801  14642909.1433203  14837419.4528429  14044657.5502677 -5747857.73536365  35699880.9203459
 9538605.20509377  17651624.2906623  17421031.2574708  14999201.2214906   28235932.805292  21797920.7147584  20154601.0576089  27674693.3565956  20627889.3105743  21169105.9563119  14766636.9147159  18877880.4843289   19268760.276309 -260855.037803015  20932745.6937984  18833203.7379466  18050781.1784127  22878640.4149617  15123134.4333415
 10335030.3073563  17688446.9839666  17882105.7046981  14686628.3549383  21797920.7147584  24673551.5396522  21329734.2390567  23765875.7673264  19817877.2983718  19757730.6270433  14347163.8266462  18305097.3228429  18653765.3730089   2424420.0728713  19424941.8753222  17985630.2059064   17873039.480679  22393713.8184216  13609502.8316868
  11496892.102081  16943934.5542197  18686715.4419991    18198535.17363  20154601.0576089  21329734.2390567  30480100.2058705  21435782.9867949  19865094.6698102  18949872.2765784  12992457.6551493  17214869.4930512  18696151.7886889  4504985.90540316  17467733.3788176  16065728.0495647  15881898.6056857  21165550.7436355  19975305.9459917
 5604196.04108772  17823121.7853108  18202258.3255875  17093531.2073036  27674693.3565956  23765875.7673264  21435782.9867949  45603045.5805966  24212461.9248972  24150729.3888372  18641507.1739442  21974756.3279984   20954134.994497 -8203469.95017866  27079410.3071405  21629937.4110188  20101964.4121925  23875535.9381296  17552787.3451967
 9771425.34047671  15829647.1112743  15859439.6729637  11896828.5692723  20627889.3105743  19817877.2983718  19865094.6698102  24212461.9248972  22879036.4743888  21212562.9289466  14376577.2364119  18293903.3784756   18433572.201697  1965521.37808455   19764626.692341  17046473.3033292  17117404.9788611   22570340.670897   13228771.667091
 18110562.6145078   17548982.914997  16483204.2363312  15771488.6925031  21169105.9563119  19757730.6270433  18949872.2765784  24150729.3888372  21212562.9289466  39187833.6995877  16861470.6268743  20642509.5836059  26208493.5696704  11333316.2443369  21447494.2504211  18141019.8992418  19904501.3033692  30071794.1736591  11842554.1227912
 7062487.45717343  11886256.8089683  12029760.1400518  13546896.6048456  14766636.9147159  14347163.8266461  12992457.6551493  18641507.1739442  14376577.2364119  16861470.6268742  33328174.7906895  17049793.2455713  15565336.9931339  2012976.82720297  20304651.9489796  22479484.4055194  17566608.4997551  14527517.4793675   9635883.6972231
 10605936.8249262  15372899.2210599  15371008.5983968  14347749.0093838  18877880.4843289  18305097.3228429  17214869.4930512  21974756.3279984  18293903.3784756  20642509.5836059  17049793.2455713  21679318.1743377  17193574.2837923  4487742.07075157  20242422.6476877  20408391.0636704  18547104.5800514  20576780.7077967  13336698.0697691
 12529918.1862212  16603506.4084544  16427722.0511084  12546144.5072578   19268760.276309  18653765.3730089  18696151.7886889   20954134.994497   18433572.201697  26208493.5696703  15565336.9931339  17193574.2837923  21135700.5977784  6202716.62901274  19045688.1801074  15552440.3935847  16709805.3214364  24046569.0679477  12834678.6546768
 12350224.3888867  4681821.33939038  4907265.61578909  7886729.22803802 -260855.037803007  2424420.07287131  4504985.90540317 -8203469.95017866  1965521.37808456  11333316.2443369  2012976.82720298  4487742.07075158  6202716.62901275  17544514.0849219 -348132.495699378  6816222.42421412  6943084.31796599  6987722.96815727  12859587.1853649
 7290914.02791507  15637318.1640647   15650856.347987  14642909.1433203  20932745.6937983  19424941.8753222  17467733.3788176  27079410.3071405   19764626.692341  21447494.2504211  20304651.9489796  20242422.6476877  19045688.1801074 -348132.495699384  31531057.8883772  22890322.2308691  19961636.6212296  20799021.1808313  12858957.4469813
 11389276.5003482  14635931.4432235  15406404.9094775   14837419.452843  18833203.7379466  17985630.2059064  16065728.0495647  21629937.4110188  17046473.3033292  18141019.8992418  22479484.4055194  20408391.0636704  15552440.3935847  6816222.42421412  22890322.2308691  36255624.4041594  21528904.1238445  19240297.3018376  11819421.5773834
 11966142.2671384  14839754.3663177  15342360.2299996  14044657.5502678  18050781.1784127   17873039.480679  15881898.6056857  20101964.4121925  17117404.9788611  19904501.3033692  17566608.4997551  18547104.5800514  16709805.3214364  6943084.31796599  19961636.6212296  21528904.1238445  25360657.3813003  20957360.1099361  11331734.2614669
  14145088.692619  19099602.8160319  17381056.3780046 -5747857.73536363  22878640.4149617  22393713.8184216  21165550.7436355  23875535.9381296   22570340.670897  30071794.1736591  14527517.4793675  20576780.7077967  24046569.0679477  6987722.96815726  20799021.1808313  19240297.3018376  20957360.1099361  37244556.5601539  4484293.81080135
 11963036.3025983  12344321.0758922  14588212.4632868  35699880.9203459  15123134.4333415  13609502.8316868  19975305.9459917  17552787.3451967   13228771.667091  11842554.1227912   9635883.6972231  13336698.0697691  12834678.6546768  12859587.1853649  12858957.4469813  11819421.5773834  11331734.2614669  4484293.81080133  89857786.7278677</Class>
    </Classifier-data>
</Classifier>
